0.0010139942169189453 3.195264
0.011890411376953125 3.196875
0.5121352672576904 3.028491
1.0127613544464111 2.878638
1.5131070613861084 2.729590
2.012578010559082 2.589404
2.512594699859619 2.456470
3.013202667236328 2.329980
3.5135838985443115 2.211548
4.014062166213989 2.097949
4.513304233551025 1.998852
5.014083623886108 1.897339
5.5144147872924805 1.801465
6.013915538787842 1.710425
6.514341592788696 1.622607
7.014029264450073 1.541235
7.515994071960449 1.463086
8.014259576797485 1.389771
8.515052080154419 1.319678
9.015222549438477 1.252808
9.51527714729309 1.197217
10.015575647354126 1.138403
10.515979528427124 1.080395
11.015965938568115 1.027222
11.515817165374756 0.976465
12.015634059906006 0.928125
12.516795873641968 0.880591
13.016494989395142 0.836279
13.517064571380615 0.795190
14.017000436782837 0.756519
14.517757415771484 0.717847
15.017566680908203 0.683203
15.517631769180298 0.648560
16.016945838928223 0.617139
16.517629146575928 0.587329
17.017260551452637 0.558325
17.517747163772583 0.531738
18.017852783203125 0.505151
18.51787257194519 0.480981
19.018287658691406 0.457617
19.518134355545044 0.605054
20.018347024917603 0.742017
20.51909828186035 0.871728
21.018919706344604 0.994995
21.519681453704834 1.110205
22.018924713134766 1.220581
22.519042253494263 1.317261
23.019107818603516 1.415552
23.51940393447876 1.509009
24.019928455352783 1.598437
24.519956588745117 1.683032
25.01989436149597 1.763599
25.51967763900757 1.840137
26.020081758499146 1.911035
26.5209698677063 1.979517
27.02072548866272 2.044775
27.520700693130493 2.098755
28.020738124847412 2.157568
28.521175861358643 2.213159
29.02111506462097 2.266333
29.520962715148926 2.316284
30.021417140960693 2.362207
30.522226572036743 2.407324
31.022006511688232 2.450024
31.52266788482666 2.490308
32.022430181503296 2.528174
32.52243399620056 2.564429
33.022146224975586 2.599072
33.52290153503418 2.631299
34.02276849746704 2.662720
34.52332377433777 2.690112
35.02286648750305 2.717505
35.52361345291138 2.743286
36.0234317779541 2.767456
36.52311372756958 2.790820
37.02362775802612 2.811768
37.52478241920471 2.832715
38.02396559715271 2.682861
38.524224519729614 2.541870
39.02472472190857 2.408130
39.52455687522888 2.284058
40.024308919906616 2.165625
40.52479863166809 2.060083
41.025696992874146 1.954541
41.525559186935425 1.853027
42.025776386260986 1.757959
42.52562856674194 1.667725
43.02594518661499 1.582324
43.52655625343323 1.501758
44.02601361274719 1.424414
44.52662014961243 1.351904
45.02623987197876 1.283423
45.52698755264282 1.224609
46.02740812301636 1.164185
46.5267653465271 1.104565
47.02714562416077 1.048169
47.52764391899109 0.995801
48.02750897407532 0.945850
48.52810072898865 0.898315
49.02769136428833 0.853198
49.52778387069702 0.809692
50.027735471725464 0.769409
50.528457164764404 0.730737
51.02852010726929 0.693677
51.52880239486694 0.659839
52.02878952026367 0.626807
52.52922511100769 0.596191
53.02861833572388 0.565576
53.529309034347534 0.537378
54.02902173995972 0.510791
54.529300928115845 0.485010
55.029457330703735 0.460840
55.529502391815186 0.607471
56.0304651260376 0.742822
56.530229330062866 0.871728
57.0299117565155 0.994189
57.53120565414429 1.108594
58.03059983253479 1.216553
58.53121852874756 1.312427
59.0307891368866 1.411523
59.531105756759644 1.503369
60.03082060813904 1.591992
60.53141164779663 1.675781
61.03152823448181 1.754736
61.53150749206543 1.829663
62.031994104385376 1.899756
62.53162407875061 1.965820
63.03211712837219 2.031885
63.53218150138855 2.084253
64.03252339363098 2.143066
64.5337769985199 2.196240
65.03268146514893 2.250220
65.53276228904724 2.299365
66.03327322006226 2.346094
66.53357911109924 2.391211
67.03413319587708 2.433105
67.53339409828186 2.473389
68.03349900245667 2.512060
68.53350472450256 2.549121
69.03408074378967 2.582959
69.5338761806488 2.615185
70.03470206260681 2.646606
70.53457498550415 2.676416
71.03540372848511 2.703003
71.53530979156494 2.729590
72.03443551063538 2.753760
72.53504920005798 2.778735
73.03499817848206 2.800488
73.53520226478577 2.822241
74.03691840171814 2.674805
74.53604865074158 2.534619
75.03630328178406 2.402490
75.53599309921265 2.279224
76.03640127182007 2.161597
76.53663086891174 2.056860
77.0365207195282 1.952930
77.53610706329346 1.853027
78.03658652305603 1.757959
78.53769183158875 1.667725
79.03691864013672 1.582324
79.537850856781 1.501758
80.0374026298523 1.425220
80.53741431236267 1.353516
81.03797030448914 1.284228
81.53793978691101 1.226221
82.03835368156433 1.164185
82.5387270450592 1.105371
83.03815531730652 1.050586
83.53867411613464 0.997412
84.03967046737671 0.946655
84.54027080535889 0.899927
85.03938484191895 0.854810
85.53944420814514 0.812109
86.04010009765625 0.769409
86.53952693939209 0.732349
87.04004788398743 0.695288
87.54025912284851 0.659839
88.04100704193115 0.628418
88.54111218452454 0.596191
89.04086399078369 0.566382
89.5401623249054 0.538184
